OG7_0000000: 34.4 120
OG7_0000001: 48.7 3,49.6 3,73.6 1,38.4 8,22.5 20
OG7_0000002: 27.2 170,26.2 10,26.3 19,30.3 5,23.5 250,55.3 14
OG7_0000003: 34.4 143
OG7_0000004: 48.6 17,63.9 1
OG7_0000006: 24.1 5
OG7_0000008: 24.1 138
OG7_0000009: 59.3 1,39.7 550,43.9 12,50.0 348
OG7_0000011: 41.8 61,39.6 63
OG7_0000013: 27.2 143,25.7 120,23.7 160,31.2 1,25.5 302,46.0 14
OG7_0000015: 27.0 137,53.8 577,25.8 36,30.0 1,25.4 231,32.6 9
OG7_0000016: 49.6 17,63.9 1,51.0 4,43.0 8
OG7_0000021: 24.3 8329,23.9 304,24.2 424
OG7_0000023: 41.8 7,40.1 43
OG7_0000024: 26.2 2,26.2 169,25.8 27,30.1 8,25.7 229,27.1 21
OG7_0000025: 39.6 8,40.1 45
OG7_0000026: 64.0 1
OG7_0000027: 34.6 39
OG7_0000028: 30.6 6
OG7_0000029: 36.5 4
OG7_0000031: 37.9 83,35.4 17,31.6 2
OG7_0000032: 34.6 45
OG7_0000036: 59.3 724,40.6 550
OG7_0000037: 37.0 59,29.9 14
OG7_0000046: 32.6 15,29.4 3674,27.7 6257
OG7_0000047: 37.6 116,75.7 1,32.1 65,32.0 40,33.8 52,31.4 2,24.7 117,31.1 40,33.1 29,29.6 33,28.7 25,31.1 10,30.6 40,33.4 106
OG7_0000052: 31.9 119
OG7_0000053: 32.6 15,33.3 65,31.4 12,31.9 7687,28.2 507,33.0 29,31.8 6257,30.8 47,31.3 4,29.1 42
OG7_0000056: 31.0 355
OG7_0000059: 28.3 6
OG7_0000064: 60.5 1
OG7_0000073: 27.1 111,24.5 58,23.0 75,23.3 27,23.6 21
OG7_0000075: 27.0 1
OG7_0000082: 33.3 30,35.3 79,31.3 39,30.1 37,31.9 31,26.7 26,27.5 8,33.0 22,35.9 77
OG7_0000084: 32.4 104,37.1 216
OG7_0000085: 36.5 10
OG7_0000087: 38.8 5
OG7_0000088: 51.9 86
OG7_0000089: 71.8 8
OG7_0000092: 28.5 1696,26.2 601,33.3 2354
OG7_0000102: 23.7 124,27.0 53,45.3 576,34.0 3,32.3 4,23.8 456,46.4 7
OG7_0000107: 37.0 302,27.2 2
OG7_0000109: 73.6 384,51.0 374
OG7_0000113: 22.9 3411,25.0 678,23.6 360,21.6 4774,28.9 1294
OG7_0000117: 29.0 11,31.3 541,18.7 10,31.8 5,18.5 132,36.9 302
OG7_0000118: 31.4 26,34.7 160,21.1 3670,28.2 44,29.5 495,25.9 15
OG7_0000119: 34.3 295,29.6 257,28.5 489,36.3 13,24.0 34,26.9 254,80.4 5,31.3 9,25.7 327,31.3 448,27.0 438,73.7 352
OG7_0000120: 35.9 599,25.0 449,23.1 634
OG7_0000122: 39.7 1093,40.6 330,27.1 586,44.7 475,40.4 487,39.2 487,47.9 520,37.1 491,46.2 487
OG7_0000124: 27.6 318,35.3 4
OG7_0000125: 64.0 700,27.6 302,59.4 153,33.2 86,37.6 1
OG7_0000140: 42.3 1
OG7_0000154: 29.5 1304,31.2 1055,100 1
OG7_0000156: 35.9 1086
OG7_0000159: 34.7 20,35.3 7699,33.7 6223
OG7_0000170: 27.1 629
OG7_0000172: 21.7 139,24.8 152
OG7_0000175: 35.0 2787
OG7_0000178: 30.6 1
OG7_0000183: 26.3 179,53.8 805,45.3 903,37.5 5,25.6 90,28.8 1,23.3 325,43.4 84
OG7_0000184: 37.9 90,37.6 32,31.5 755,36.0 27
OG7_0000187: 34.3 408,43.5 113,34.6 989
OG7_0000202: 33.5 982
OG7_0000208: 35.4 40,37.6 39,74.0 1,33.6 59
OG7_0000211: 38.9 19,46.1 47
OG7_0000212: 23.9 16
OG7_0000218: 34.0 390,37.5 156,28.4 233,44.9 1,24.2 483
OG7_0000227: 27.1 76,24.2 22,32.0 18
OG7_0000228: 20.0 3084,34.7 1435
OG7_0000237: 32.0 118
OG7_0000240: 59.4 101
OG7_0000241: 25.8 88,25.8 77,25.6 9,28.4 4,28.1 5
OG7_0000248: 35.6 484
OG7_0003001: 29.3 1742,34.1 660
OG7_0003012: 49.0 1,32.6 1
OG7_0003029: 42.5 371,38.4 3,35.5 20,19.0 96,25.6 26,30.6 7,39.7 89,31.2 45,29.5 106
OG7_0003038: 27.1 24,22.8 3
OG7_0003043: 34.0 499
OG7_0003046: 25.0 81
OG7_0003049: 35.1 15,29.4 112
OG7_0003051: 27.1 77,23.4 81,25.0 107,31.1 61,26.3 79,25.9 133,27.1 47,29.4 125,29.3 61,29.5 41,26.7 207,29.3 203,29.8 57,26.9 333
OG7_0003081: 80.4 1068,56.8 1267,42.6 1200,36.6 52,39.7 1424
OG7_0003096: 51.5 40,52.6 2
OG7_0003119: 21.3 94,26.6 13,25.9 83,23.0 105,28.3 227
OG7_0003120: 19.0 251,26.4 341
OG7_0003122: 23.6 41,23.1 175
OG7_0003125: 31.6 36,36.0 50,33.6 73,47.3 4
OG7_0003143: 33.2 3635,28.5 398
OG7_0003154: 36.5 591,29.9 47,44.2 55
OG7_0003159: 22.7 55
OG7_0003164: 26.7 39,29.6 67,22.2 80,31.7 46,32.8 3,27.5 49
OG7_0003204: 58.3 129
OG7_0003210: 41.0 38,33.2 77,31.4 103,32.5 104,30.6 23,34.1 208,33.8 124,31.2 93,37.5 30,31.4 32,34.7 37,30.1 125,33.5 176,28.8 163,32.2 197,29.4 28,32.8 188,30.0 12,31.7 241,32.2 123,32.0 208,31.2 167,30.7 294,35.6 39
OG7_0003232: 40.3 3,32.1 16,30.3 32,25.1 522,27.2 10,31.1 497,33.0 24,21.6 34,28.5 76,31.8 23,29.3 6,29.5 83,24.2 57,32.6 33,25.1 499,21.8 42,29.2 49,26.2 459,23.8 268,33.1 35,32.5 24,31.5 35,26.2 99
OG7_0003262: 35.8 1,29.1 4,35.8 15,28.1 57,34.0 9,33.3 492,30.5 510,33.0 50,34.1 33,38.6 58,27.5 4,34.5 1,25.8 5,43.6 20,27.3 495,29.5 42,29.5 22,36.9 30,27.3 676,34.3 441,41.5 19,56.7 8,44.6 15,28.8 123
OG7_0003286: 32.3 21
OG7_0003293: 44.8 21
OG7_0003309: 46.6 23
OG7_0003312: 29.9 190
OG7_0003314: 34.0 1624
OG7_0003317: 22.5 67,28.9 66,23.1 98,23.2 90
OG7_0003331: 26.6 2,34.2 8,30.6 10,29.2 497,29.1 510,21.6 48,34.1 21,32.6 39,26.0 7,30.7 16,27.3 480,33.2 30,28.0 446,29.5 19,36.6 14,35.7 12
OG7_0003344: 33.0 3416,28.5 822
OG7_0003394: 29.5 115
OG7_0003400: 38.8 34
OG7_0003403: 31.4 6,44.7 1,32.6 124,34.1 20,28.2 39,29.1 32,31.4 55,26.5 117,28.5 32,40.9 1,35.2 6,44.3 65,35.5 37,43.1 9,28.5 2,28.6 66,29.4 109
OG7_0003412: 28.5 488,29.3 73,30.6 51,36.8 35,32.5 192,29.7 7,33.0 24,33.4 9,32.9 130,33.3 176,31.7 141,29.7 57,32.6 219,32.6 1,33.7 162,35.7 39,33.6 328
OG7_0003419: 23.8 464
OG7_0003457: 30.1 25,20.7 95,39.0 61,30.9 21,26.1 35,27.7 16
OG7_0003498: 43.9 173,26.6 14,30.1 129
OG7_0003775: 32.0 7,23.5 39,23.1 69
OG7_0003777: 22.1 19
OG7_0003814: 27.1 103
OG7_0003823: 28.1 163
OG7_0003824: 22.1 134
OG7_0003840: 39.0 451
OG7_0003863: 32.1 11,24.9 28,48.9 16,25.5 27,28.0 21,28.9 29,28.1 35,27.3 35
OG7_0003882: 22.7 131
OG7_0003901: 27.7 32
OG7_0003902: 26.4 102,33.6 15,28.7 11,26.5 49,24.1 70,27.1 45,27.4 13
OG7_0003908: 23.1 61
OG7_0003916: 24.2 436
OG7_0003923: 21.4 3620
OG7_0003942: 29.8 4,29.4 4,31.1 17,30.3 16,32.9 497,31.1 1317,28.5 49,38.5 8,32.6 7,27.2 2,25.9 13,35.4 7,28.1 21,30.6 16,38.4 21,23.4 463,31.3 42,53.8 14,29.1 693,34.4 446,34.4 19,46.5 7,42.9 19
OG7_0003951: 38.8 10
OG7_0003956: 37.4 46
OG7_0003957: 40.0 3401,40.9 784
OG7_0003986: 34.9 44,28.2 79,28.2 70,27.1 37
